510	7727
529	8655
238	9198
5533	9198
4416	9198
723	4
941	4
2619	4
2619	2443
2627	2443
723	2047
723	8
2470	4498
9	4844
510	4844
2641	4844
2642	4844
9	9
605	9
8609	9
1189	9
1414	9
9189	9
1884	9
664	9
2342	9
3271	9
3317	9
3318	9
3574	9
9	10
10	10
2394	10
2615	14
2616	14
2615	15
98	4688
723	793
98	7861
3286	7861
2627	26
1808	29
2737	39
4281	4902
1414	4148
1808	4148
2641	3357
711	3357
2642	3357
2627	3357
2629	3357
2630	3357
2627	5440
2630	5440
510	59
529	59
573	59
2627	59
2629	59
2638	59
2906	59
532	60
573	60
1189	60
1363	60
2627	60
2638	60
529	61
573	61
2619	77
98	78
1332	78
1333	78
2619	78
2627	9409
3271	9409
2868	6960
98	6732
532	6732
1189	6732
4391	5662
510	5662
2627	94
9	5212
2645	4414
723	4298
1363	5537
510	4604
2619	4604
2619	5536
1884	5016
3271	5016
2619	4936
529	7513
98	98
723	98
1362	98
4631	98
7641	98
4416	98
1170	98
2404	98
1826	98
2627	98
2628	98
2635	98
2639	98
2738	98
2868	98
9591	98
98	6824
3964	6824
1170	6824
2404	99
2404	4840
529	3840
2641	117
4416	117
2619	117
1170	7737
529	8355
9189	8355
1111	6714
9189	6714
1170	6714
510	127
532	127
723	127
900	127
510	9878
2504	9878
510	9671
2504	9671
2504	6723
529	8005
573	8099
529	9035
1170	9035
406	8093
1362	8093
723	3884
723	5177
9	141
941	141
2619	141
2627	141
2628	141
3271	141
7357	141
2627	142
2628	142
3271	83
7727	594
2971	151
2641	154
3103	154
529	156
718	156
719	156
720	156
7185	156
1363	156
238	1816
510	164
2648	164
2645	164
2647	164
2627	164
2619	9436
723	167
510	168
1189	168
2648	168
2645	168
2647	168
4528	168
2619	9037
2627	9037
2627	173
2638	176
98	177
3319	177
510	177
532	177
534	177
1103	177
2641	177
711	177
2642	177
2645	177
8450	177
2470	177
2627	177
3271	177
4963	177
3271	179
2738	6731
2619	5193
2635	9335
98	8334
2619	7509
529	7063
4391	8704
98	8874
2906	6345
1667	198
2738	198
3271	198
2341	200
2619	200
2627	200
3271	200
2627	201
3271	201
3350	201
1722	4352
3574	4738
573	4375
2641	4375
2642	4375
973	4375
2341	4375
5038	4375
3271	6329
2619	4517
2636	4517
2640	4517
529	3916
529	2840
723	207
3319	4900
2341	4900
4416	4897
2641	209
2642	209
723	210
2641	210
2642	210
941	7728
2641	6879
2642	6879
5426	8926
5426	7835
530	233
718	233
723	233
4411	233
238	695
529	695
2641	695
711	695
2642	695
2645	695
2647	695
626	695
2627	695
2628	695
2630	695
3668	695
2868	235
2973	235
711	7805
2646	5429
2615	5676
3949	5676
238	238
269	238
4391	238
532	238
941	238
2648	875
2645	875
2619	242
3271	242
2737	251
9	269
269	269
510	269
2619	269
269	6667
529	6667
98	3044
2619	3044
4411	3044
4391	8909
2504	8909
3271	5567
723	2002
1363	2002
3319	3319
2341	3319
2619	3319
4391	4391
573	4391
3318	4391
238	8518
2619	274
532	3925
2504	3926
532	8321
718	8321
719	8321
4528	8321
2974	9430
98	279
179	279
335	279
510	279
2641	279
2642	279
2341	279
2470	279
7307	279
2619	279
2630	279
2632	279
2636	279
2635	279
2816	279
2971	279
2973	279
4416	4568
1170	4567
2629	4567
973	5121
2616	5121
325	281
3668	4183
3669	4183
6587	4183
2641	7437
2642	7437
510	282
529	282
1363	283
2638	283
573	5517
711	4289
2642	4289
2647	4289
529	5516
585	9303
1006	9303
1616	9303
723	1878
1363	1878
2619	1878
325	4588
2737	4588
2738	4588
3271	4588
98	4249
1616	4249
510	292
2641	292
711	292
2642	292
2645	292
2627	292
1362	294
1363	294
711	294
2645	294
2647	294
4416	294
2504	294
626	294
98	4855
3319	4855
510	4855
2641	4855
2642	4855
2645	4855
1362	295
2641	296
2642	296
1363	4704
3271	4704
9	299
1104	299
1189	299
1414	299
1884	299
1331	302
2627	302
3271	302
98	4107
721	4107
783	4107
784	4107
941	4107
4416	4107
3829	4107
3318	4107
2627	3666
2629	3666
2648	308
2645	308
2647	308
723	309
4391	162
510	162
723	162
2504	162
2619	162
238	311
269	311
510	311
529	311
573	311
5533	311
1363	311
5867	311
3574	311
3350	9612
313	313
1667	313
2642	313
2627	313
2629	313
2641	8745
2645	8745
98	315
348	325
1707	325
3271	325
98	335
4840	335
335	335
2641	335
2642	335
2341	335
2615	335
98	334
238	334
269	334
3319	334
510	334
529	334
531	334
5533	334
723	334
1168	334
2504	334
2504	336
2504	1387
723	8934
6881	6881
6756	6881
3322	6881
2619	4285
3322	4285
529	347
9	348
98	348
348	348
1707	348
1884	348
3350	348
238	349
349	349
510	349
510	350
2504	350
3574	350
349	4378
573	6995
529	9219
529	7020
723	358
529	5681
2627	367
2628	367
2629	367
529	7490
2619	381
530	9109
1363	9118
2635	385
3271	385
2619	4247
406	391
2641	395
2642	395
2619	395
2974	395
529	398
2641	398
2642	398
2342	398
723	399
723	403
5299	403
626	403
6756	4023
6756	8527
407	407
6756	404
2619	6756
5244	5244
783	5244
529	9240
510	409
2642	409
2641	412
2642	412
2619	412
723	415
718	6874
5523	6874
2636	6874
723	9809
2629	9809
98	8303
510	8303
3965	8303
2971	8303
3103	8303
4051	4051
723	419
2639	419
711	420
4778	422
2342	423
510	424
1884	424
2641	424
711	424
2642	424
2973	424
3271	424
9	425
98	425
510	425
2641	425
2642	425
2619	425
2638	425
723	428
9	429
10	429
2629	429
9	430
1189	430
3271	430
723	431
3271	431
1189	437
1808	437
1884	437
3271	437
3350	437
2636	438
3271	8323
723	5388
2619	5591
9557	4022
4391	8231
98	8886
99	8886
529	7375
941	7169
1808	7169
238	3863
529	3863
573	3863
269	5831
4391	5684
98	7815
532	7815
2636	7815
3271	7815
5149	6377
529	443
510	444
2641	444
2504	444
626	444
585	291
900	291
4360	291
1363	291
2619	291
1363	446
711	446
1363	447
2646	447
3038	447
2649	447
529	448
1362	448
1363	448
535	452
723	452
724	452
900	6168
529	5043
2504	453
2433	8023
2371	8023
1722	3937
3271	620
98	5202
2971	5202
2974	5202
9	472
1884	472
1189	5254
2627	5254
1808	463
1189	9144
1189	6111
1808	480
2627	483
1189	461
2627	462
2627	464
2619	494
2627	494
3271	1950
723	465
1189	465
1808	465
2627	465
723	466
3271	7797
510	4226
2504	4226
349	514
510	4114
2504	4114
510	515
573	515
5533	515
718	515
1363	515
5867	515
626	515
2971	515
3319	516
6881	516
510	516
573	516
723	516
2646	516
2645	516
4416	516
4743	516
2504	516
2971	516
6881	517
510	517
529	517
573	517
5533	517
723	517
2645	517
2647	517
4416	517
1928	517
2504	517
626	517
2971	517
4335	6241
9189	6241
510	518
723	518
2504	518
2616	518
723	519
723	5496
724	5496
3701	5496
3271	520
3986	3986
529	512
529	513
2504	513
510	3929
529	3929
9	5742
4391	9114
4391	6032
510	6032
2641	6032
2642	6032
98	6508
4391	7524
3574	7524
2737	9938
3271	9938
718	521
719	521
720	521
723	521
3271	522
3271	525
534	510
573	510
723	510
2656	510
1006	510
664	510
4317	510
3271	510
3679	510
3784	511
534	511
5533	511
534	6929
573	4064
4285	2371
529	2371
2619	2371
98	529
529	529
8285	529
534	529
2641	529
2642	529
3679	529
4631	3880
534	531
1884	531
3271	531
3701	531
718	532
532	4206
8085	4206
5795	7862
534	533
510	534
529	534
5307	534
2632	534
529	536
536	536
3320	3320
98	537
529	537
533	537
784	537
4360	537
1363	537
9189	537
1972	537
2641	537
711	537
2645	537
2470	537
5444	537
2627	537
9	538
98	538
4023	538
2371	538
529	538
533	538
723	538
9557	538
1884	538
2641	538
2642	538
2470	538
2615	538
3103	538
3271	538
9610	538
3701	538
98	539
269	540
1616	540
2627	540
529	543
2619	543
529	6162
2645	6162
406	306
2641	549
2642	549
9	550
10	550
1363	550
9557	550
2641	550
2642	550
2619	550
723	551
1363	551
3319	554
4391	554
510	554
2641	556
529	557
3319	7938
5299	7938
5282	7938
2504	7541
2504	7515
2192	5528
8085	5528
510	7540
2641	7540
2504	7540
529	5909
3319	559
1833	562
1834	562
2627	562
2635	562
3271	562
3430	562
98	4200
2627	4200
2628	4200
269	4031
2615	8669
238	572
529	572
529	7747
573	7747
98	573
238	573
269	573
510	573
529	573
573	573
664	573
2971	573
238	5533
269	5533
5533	5533
2504	5533
626	5533
2639	5533
3574	5533
3271	577
4391	9244
269	9754
98	585
99	585
4281	585
8939	5161
529	8011
2641	8011
2642	8011
2971	8011
2973	8011
1363	1995
2641	1995
2642	1995
2619	1995
4391	9210
510	9210
510	7982
1363	7982
950	682
2627	682
2627	683
10000	683
1189	7150
723	3008
2633	3008
9670	3008
2504	3008
98	606
573	607
532	4593
1363	4593
3929	9763
573	9763
2504	9763
3271	615
3271	5007
3271	628
4528	629
3271	629
269	2245
2192	6633
4391	7716
3668	3889
3669	3889
723	656
98	5408
2641	5408
2627	8559
723	8312
3271	5746
238	694
269	694
404	694
510	694
718	694
723	694
1363	694
9557	694
664	694
4416	694
2619	694
2630	694
2635	694
2971	694
2972	694
2973	694
4267	694
4411	694
3103	694
7220	694
98	696
585	696
2641	696
2642	696
510	699
2642	699
9	702
10	702
2341	702
9	703
3319	704
529	704
532	704
3965	704
1189	704
238	4667
529	4667
529	1630
711	707
714	714
1884	715
2619	717
2619	718
720	720
2615	720
98	723
510	723
723	723
2641	723
510	725
573	725
723	725
724	725
9557	739
2645	739
2341	739
2615	739
9557	740
723	4361
723	744
9	745
98	745
99	745
532	745
585	745
718	745
719	745
720	745
724	745
941	745
1006	745
1113	745
1112	745
1362	745
1363	745
5287	745
3038	745
2645	745
2341	745
5038	745
2504	745
2619	745
2629	745
2638	745
2635	745
2738	745
3271	745
2627	746
2630	746
718	8349
573	4634
9	976
510	976
529	976
573	976
2641	976
2642	976
2341	976
2629	976
2632	976
2635	976
3271	976
529	8008
510	5655
2619	3871
269	755
2619	755
1333	3826
2470	3826
2629	3826
2627	760
2629	760
1616	763
98	4420
2627	4420
2628	774
2629	774
4139	7337
2619	6659
1170	782
2619	3816
2629	3816
783	783
2641	783
2642	783
2971	783
2973	783
8313	8313
784	784
2906	784
1808	9283
1884	9283
3271	9283
238	785
269	785
723	785
1972	785
5442	785
2641	9190
238	5373
269	5373
532	787
529	9554
3708	9554
238	790
269	790
719	790
238	9856
269	9856
2639	9856
2645	7904
3319	794
510	794
2504	794
510	5257
2619	795
723	800
711	800
5307	388
3271	2280
573	7612
573	5565
573	8504
4391	803
510	803
529	803
4631	803
348	6719
9	804
711	804
4416	804
4391	5450
1707	6324
4391	3839
4391	812
2619	812
2906	812
1808	779
3271	779
529	4711
98	8388
2645	8388
510	827
4391	828
529	6164
2635	5079
510	833
529	833
3038	833
2644	833
2627	833
2641	834
1189	836
973	836
3271	836
405	4398
3319	4713
510	4713
529	4713
529	8020
4036	1557
2619	6020
532	840
900	840
2627	840
510	4879
529	4879
532	4879
1363	4879
2641	4879
2642	4879
2619	4879
2629	4879
510	851
529	851
98	852
510	852
529	852
532	852
1170	852
98	8698
1006	7099
1616	861
1667	861
2868	861
529	2866
723	3883
532	868
3965	868
1362	868
1363	868
2906	868
4528	868
3701	868
529	869
532	869
3965	869
1363	869
4054	2185
573	873
4391	5915
1363	880
2619	880
1833	5441
1834	5441
510	6778
529	6778
2619	883
2627	883
2619	7180
2641	888
2616	888
1170	5541
2641	6081
3350	890
3708	890
2641	892
2642	892
2641	893
2642	893
510	896
719	898
720	898
2504	898
3271	898
2341	4087
2619	6395
900	900
4360	4360
2641	4360
238	3965
2008	3965
238	902
269	902
510	902
534	902
535	902
5533	902
1363	902
3372	902
2646	902
9591	902
573	904
5533	904
2642	905
573	907
573	5401
723	5581
718	911
510	916
2632	916
98	5963
99	5963
711	3951
335	926
8037	926
4528	926
3452	926
335	927
2645	927
2816	927
510	929
723	929
529	930
510	9652
9652	9652
2646	9652
2649	9652
4416	9652
1170	9652
2615	9652
2616	9652
2971	9652
2974	9652
2975	9652
7357	9652
510	5719
529	5719
9	941
98	941
510	941
941	941
2641	941
2646	941
711	941
2642	941
2633	941
9670	941
2615	941
2627	941
3271	941
529	5763
531	5763
533	5763
2627	5763
529	6552
2656	2656
2641	2656
711	2656
2973	2656
9300	947
2656	947
4510	947
2641	947
711	947
2973	947
723	4236
2627	949
511	4095
7967	4095
723	4099
529	4705
2971	953
2974	953
4049	954
1334	954
238	955
510	955
720	955
723	955
3965	955
1363	955
664	955
2641	955
2642	955
1170	955
2645	8354
510	957
529	957
723	957
664	957
2641	957
2642	957
2342	957
2627	957
4023	4101
8557	4101
723	959
718	1702
2627	1702
510	962
529	962
532	962
5533	962
585	962
1723	962
711	962
2627	962
2629	962
2341	965
2632	965
529	966
2645	966
2641	967
711	967
2642	967
4411	967
529	969
1170	3893
1414	4750
3271	4750
9	972
2619	972
3271	972
529	9256
573	9256
44	978
3452	978
3453	978
2629	5150
2403	2403
98	985
238	985
2641	985
2615	985
2627	985
2629	985
2404	986
510	987
941	987
2628	987
529	7996
98	950
950	950
2971	950
2973	950
993	993
996	996
2615	3847
510	9660
711	1004
529	9141
1006	1006
2615	1006
2619	1006
2627	1006
723	1010
9	1013
510	7356
2504	7356
2641	1014
718	1015
2641	1015
1018	1018
573	7216
510	4670
2641	4670
2504	4670
2619	4670
9	1021
98	1021
99	1021
3319	1021
529	1021
530	1021
534	1021
585	1021
723	1021
1363	1021
4631	1021
1808	1021
2641	1021
711	1021
2642	1021
1170	1021
2341	1021
5038	1021
2619	1021
2971	1021
2973	1021
2974	1021
3271	1021
9591	1021
9	1022
2641	1029
2644	1029
2619	1031
2619	1035
711	1036
2642	1036
238	1041
269	1041
2641	1041
2646	1041
711	1041
2642	1041
2645	1041
2627	1041
3271	1041
2641	8105
2642	8105
723	2523
238	1047
529	1047
98	1049
238	1049
510	1049
529	1049
1722	1049
711	1049
99	3662
941	3662
1103	3662
1808	3662
7641	3662
664	3662
4508	3662
2619	3662
2627	3662
2632	3662
2636	3662
2906	3662
3271	3662
3321	3662
2627	6383
711	1053
2627	1053
723	1054
3319	4155
718	4155
725	4155
2655	4155
1969	4155
2504	4155
3319	5486
723	5486
529	9867
98	1064
269	1064
2192	1064
238	1066
269	1066
573	1066
573	1067
510	1076
238	7565
269	1079
238	5834
1363	9132
2504	9131
3271	9131
5282	7247
238	7606
2641	7606
2642	7606
5299	7606
2627	7606
2632	7606
3103	7606
1189	1090
1884	1090
3350	1090
1189	1091
1884	1091
3271	6265
510	1101
573	1101
1103	1103
3271	1103
3271	5407
1104	1104
325	1111
1111	1111
2641	1111
711	1111
2642	1111
2630	1111
2973	1111
1113	1113
1112	1112
1114	1114
2639	1116
3271	1117
2640	9590
2906	9590
3271	9590
3271	6154
2629	1136
8345	1137
98	1139
510	1139
2341	1139
2619	1139
2971	1139
98	1141
99	1141
1189	4980
3271	4980
1189	1142
1143	1143
1144	1144
3271	1145
723	1152
2974	1152
1616	1161
2641	1161
2644	1161
2971	1161
723	1162
2636	3870
529	1129
510	1645
529	1645
510	1131
529	1131
531	1131
533	1131
5533	1131
1363	1131
2504	1131
98	1134
510	1134
529	1134
531	1134
532	1134
718	1134
900	1134
6898	1134
2615	1134
98	1135
585	1135
1616	1135
4631	1135
2641	1135
711	1135
2642	1135
2645	1135
2470	1135
2615	1135
2616	1135
3103	1135
3318	1135
98	2014
2645	2014
2647	2014
1808	6412
2470	6412
711	1165
1363	4858
2619	4858
2627	4858
2627	3211
3271	4225
723	2333
238	1181
1189	1181
2628	1181
2639	1181
3271	1181
3271	1167
2341	3878
1189	1189
2394	1189
2619	1189
573	6752
529	6663
532	6663
1808	4938
3271	4938
2629	1193
3271	1193
941	1197
1667	1197
2641	1197
3271	1197
98	4751
1722	4751
2641	4751
2642	4751
3708	4751
723	8770
99	1219
2615	1219
2629	1219
3271	1219
510	9069
98	1225
510	1225
529	1226
2619	1226
99	1227
2641	1227
2642	1227
529	7353
2615	4134
2638	1245
4391	1246
2619	1246
2906	1246
2615	1248
2619	1248
723	9048
2628	6917
510	9039
529	9039
269	6871
2341	9541
8346	9541
2737	9541
3271	9541
238	4730
711	1258
2630	1258
3271	1258
2615	1271
2616	1271
2619	1271
2632	1271
2974	1271
2619	1273
3271	1276
723	1284
2619	1284
2627	1284
2971	1284
3319	6459
723	6459
510	4196
529	4196
2619	5258
2630	1290
2341	1298
2627	1298
573	1312
2639	9778
2647	9880
2504	9880
529	9004
2641	9004
2642	9004
723	1321
2619	9337
941	4301
238	1335
269	1335
7974	9650
2627	9650
9	1338
10	1338
1189	1345
2641	1345
1170	1345
3271	1345
1722	1343
2737	1344
1331	1331
1332	1332
1333	1333
2628	1349
98	1362
1362	1362
4631	1362
2619	1362
2627	1362
2628	1362
2629	1362
2631	1362
2973	1362
98	1363
3319	1363
1363	1363
2650	1363
5522	1363
2641	1363
711	1363
2642	1363
2619	1363
2627	1363
2628	1363
2629	1363
2631	1363
2638	1363
2971	1363
2973	1363
2974	1363
2975	1363
8345	1363
3271	1364
2619	1368
2627	1368
941	1373
2627	1373
2631	1373
3359	1376
529	1381
1381	1381
348	1385
529	1385
1722	1385
2641	1385
2642	1385
2640	1385
3271	1385
573	1388
2504	6776
1363	1397
2646	1397
2627	7806
2636	7806
2638	7806
2616	1409
1707	7011
711	9251
1414	1414
723	1415
1884	1415
3350	1415
723	1417
9	1418
723	1418
723	4201
406	4696
1363	4696
3372	4696
973	4696
4391	4851
4023	4851
404	4851
532	4851
3372	4851
973	4851
2633	4851
2615	4851
2616	4851
2619	4851
2629	4851
2635	4851
8939	4851
8346	4851
723	4850
941	4850
2641	4850
2642	4850
3372	6821
973	6821
2635	6821
2619	7971
4023	4682
2633	4682
573	1420
723	7662
2627	5224
723	1431
238	1434
510	1434
532	1434
719	1434
2641	1434
626	1434
9	9557
9557	9557
3271	9557
529	3583
573	1438
98	7640
2619	1445
3271	1445
3271	1446
510	1481
529	1481
9557	1481
510	1480
723	1476
4391	1477
4391	5728
510	5728
529	5728
98	1483
4416	5386
98	1489
723	1489
4049	1489
573	1490
718	1492
723	1492
529	1493
1363	1493
2619	1493
529	1495
529	1496
510	1498
529	1498
2641	1498
2642	1498
2645	1498
2629	1498
3271	1498
404	1499
573	2131
2504	1500
2639	1500
529	5473
723	1511
9	1523
10	1523
1363	1523
3271	1523
2619	1525
2627	1525
2640	1525
724	1537
783	1537
1363	1537
2650	1537
2642	1537
4416	1537
1170	1537
2504	1537
2619	1537
2654	1539
723	1552
2619	1552
2639	1552
3574	1552
3679	1552
4391	1554
723	1554
626	1554
3271	1554
5307	1542
2619	1542
1547	1547
3574	1550
98	1551
711	1551
4416	1551
2619	1551
2635	1551
2640	1551
2975	1551
2619	9485
2635	9485
2642	9152
2619	9152
98	9398
99	9398
532	9398
3038	9398
98	1416
532	1416
3103	1416
238	4889
269	4889
2629	6825
2628	9000
2636	1570
4360	1574
529	1575
573	1584
2641	4216
723	1588
1189	5089
718	1595
711	1595
3590	1595
1333	1604
1604	1604
723	1605
723	1608
2639	1608
1884	1616
4281	1616
2504	1616
2616	1616
2627	1616
2630	1616
2638	1616
3103	1616
3271	1616
1616	4010
3271	4010
348	5049
3350	5049
510	1642
723	1642
1362	8368
1363	8368
2627	1621
1808	1622
2641	1622
2642	1622
2629	1627
98	1647
529	1647
2628	1647
529	1651
529	9462
4391	1652
573	9858
510	1654
573	1654
529	6785
529	7271
1667	1667
2627	1667
723	6729
2627	4192
2630	4192
2619	5310
98	1670
1670	1670
6527	1670
6527	6527
510	1674
529	1674
4631	1675
1616	1677
4631	1677
2645	1677
2639	1677
3318	1677
9591	1677
1616	1679
9591	1679
4631	1681
9591	1681
98	1682
269	1682
1604	1682
1616	1682
1667	1682
2641	1682
2642	1682
2645	1682
2470	1682
5444	1682
7307	1682
2504	1682
2628	1682
2629	1682
2636	1682
2638	1682
2974	1682
510	4090
2470	4090
1170	8241
1189	6422
8345	6422
2619	1689
10	1698
2627	1698
2630	1698
1808	1699
2627	1699
2628	1699
2629	1699
2631	1699
98	1700
2404	1700
3271	1700
529	8205
2341	8205
1111	1701
2642	1701
2619	1701
2627	1701
2635	1701
8939	1701
2971	1701
5038	1703
2737	1704
3271	1704
348	1707
1707	1707
1808	1707
510	1713
1189	1713
1723	1721
1722	1722
1723	1723
711	8619
2647	8619
2627	8549
9	1725
530	1725
723	1725
1363	1725
9571	1725
2645	1725
2647	1725
2342	1725
7974	1725
626	1725
2635	1725
3668	1725
9	1726
1363	1726
2645	1726
2645	1727
1103	1728
1189	1728
3271	1728
4036	4273
9	5166
510	5166
1363	5166
711	5166
3965	5477
2276	1730
3271	1730
2627	4007
711	1731
3271	1731
2627	1733
2628	1733
941	1734
3271	1734
2627	4846
98	1735
2619	1735
2627	1735
718	9724
406	1740
2619	1736
2619	1737
2619	1745
2630	1745
2973	1745
2627	1746
2619	1748
2235	1750
2619	1750
2619	1751
2619	5382
723	7898
238	7867
529	7867
2619	7920
4963	7920
1754	1754
3271	1754
2630	4732
98	4050
99	4050
238	4050
711	4050
3271	4050
510	1767
973	8126
510	4599
510	1769
529	1769
4391	4541
4335	4541
9189	4541
5588	4541
2504	1757
6045	1757
4391	5421
510	5421
2341	5421
2504	5421
4391	8433
573	1768
1762	1762
2627	1762
2615	1766
1363	9926
2615	9926
2816	3468
9557	6609
1363	345
2619	9116
573	1770
573	1772
2615	1772
2627	1778
2636	1778
4416	1783
2630	1783
2975	1783
3271	1784
4391	1781
510	1781
2650	1781
2651	1781
711	1781
2642	1781
2645	1781
2629	1781
3372	4202
2619	4202
723	1788
2641	1788
2627	1788
3271	1788
573	1799
529	8173
1170	8173
98	7620
9	1805
2619	1805
2640	1805
2642	9273
2645	9273
3708	9273
1762	3677
1884	3677
3350	3677
510	4335
4335	4335
4778	4335
6174	4335
3317	4335
3319	9189
573	9189
5533	9189
510	1806
717	1808
1808	1808
2641	1808
2642	1808
2619	1808
2627	1808
2619	1811
2629	1811
2971	1811
2973	1811
1707	1812
1808	1812
5523	1812
3350	1812
3708	1812
510	1813
1111	1813
723	6554
6898	6554
9	1821
10	1821
718	1821
2641	1828
2642	1828
510	1829
529	1829
573	1829
723	1829
510	1830
529	1830
2639	1831
711	1833
4416	1833
2341	1833
8450	1833
2906	1833
3319	1834
2629	1834
2906	1834
4528	1834
900	9100
530	8629
4023	1838
2615	1838
2619	1838
2640	1838
98	1845
510	1845
573	1845
510	1846
2628	1846
529	7001
4391	1849
573	1849
532	7733
529	7008
2619	1858
2627	1858
3271	1858
718	1860
720	1860
7185	1860
1362	1860
1363	1860
2641	1860
2642	1860
2619	1860
510	5795
941	5795
2504	5795
532	7641
7641	7641
2619	7641
529	8847
4416	1866
1333	622
98	8335
1884	8330
2641	1883
2642	1883
941	1884
1930	1884
529	8255
238	3940
2504	3940
573	1897
1170	6742
711	1919
2619	6945
1189	1923
2619	1923
179	2650
335	2650
510	2650
532	2650
573	2650
664	2650
2641	2650
2642	2650
2341	2650
2404	2650
2504	2650
2816	2650
335	2651
573	2651
664	2651
2404	2651
2504	2651
2652	2652
2009	2652
1972	2652
664	2652
98	3092
3092	3092
2009	3092
1972	3092
3103	3092
2644	2653
2654	2654
1972	2654
3372	2654
664	2654
1969	2655
2341	1969
98	2009
1362	2009
2009	2009
5523	2009
1971	1971
98	1972
99	1972
1721	1972
1722	1972
1972	1972
2404	1972
2470	1972
2635	1972
2973	1972
4309	4309
3372	3372
98	664
510	1924
573	1924
5523	5523
2635	5523
3993	3993
510	4302
3319	5880
2504	5880
723	2641
1722	2641
2650	2641
2641	2641
2868	2641
3103	2641
3092	2648
2655	2648
2654	3038
3038	3038
1189	711
1808	711
2652	711
3092	711
2654	711
1972	711
4309	711
2868	711
3708	711
9571	9571
510	2642
1722	2642
2650	2642
2651	2642
2642	2642
2868	2642
510	2643
2643	2643
2342	2643
2653	2644
2641	2644
2642	2644
2644	2644
2971	2644
3092	2645
2655	2645
1972	2645
4309	2645
2868	2645
2645	4532
2647	4532
2906	8021
723	2647
3092	2647
2655	2647
2868	2647
98	5696
1170	5696
2641	4416
711	4416
4416	4416
2641	4036
2646	4036
711	4036
2647	4036
2619	4036
723	5410
3319	7804
4391	7804
10	1926
510	1926
532	1926
573	1926
5533	1926
719	1926
900	1926
3965	1926
2656	1926
1189	1926
1362	1926
1363	1926
7641	1926
2641	1926
3038	1926
2649	1926
2642	1926
2645	1926
2647	1926
1927	1926
973	1926
2633	1926
2615	1926
2619	1926
2627	1926
2628	1926
2630	1926
2632	1926
2638	1926
2974	1926
3103	1926
3271	1926
3350	1926
6959	1926
529	1895
2627	1895
2906	1895
269	9982
3322	1927
1363	973
973	973
2632	973
2638	973
2635	973
8939	973
3322	973
1928	1928
2470	1928
2619	1928
2632	1928
2638	1928
3322	1928
3322	8789
573	4708
723	1933
98	1934
723	1934
2642	1934
3319	7157
2627	4254
2641	1937
2642	1937
2635	1937
510	1943
529	1943
1363	1943
2641	1943
2642	1943
2645	1943
269	1944
3319	1944
3929	1944
529	1944
534	1944
723	1944
238	1945
269	1945
529	1945
573	1945
783	1945
529	1946
573	1947
510	1949
529	1949
1884	1949
2619	8570
510	9551
2641	9551
2642	9551
238	4642
269	4642
529	4642
573	4642
723	4642
9	1957
98	1957
238	1957
269	1957
719	1957
723	1957
784	1957
4416	1957
8450	1957
2470	1957
2504	1957
3271	1957
9	1958
98	1958
238	1958
510	1958
573	1958
5533	1958
718	1958
723	1038
238	2565
529	2565
573	2565
2641	2565
2642	2565
2639	2565
2642	4425
1808	6005
532	1963
723	1963
711	1963
2644	1963
510	1964
711	1964
2644	1964
531	1965
532	1965
4743	4743
3322	4743
238	1974
5124	5124
9	1976
325	1976
1976	1976
2056	1976
2627	1976
2629	1976
2630	1976
98	1977
2971	1977
2647	4801
529	7089
573	6305
1362	2001
1363	2001
2641	2001
2642	2001
2971	2001
4391	2003
510	2003
529	2003
573	2003
2641	4049
711	4049
2642	4049
238	2007
269	2007
5442	320
238	2010
2619	6482
723	2017
3271	2023
2627	2019
2341	7759
4391	4970
3271	4280
529	9545
723	6537
7641	2053
664	2053
4508	2053
2619	2053
2636	2053
2906	2053
3321	2053
98	2056
1976	2056
529	4334
529	4395
529	8954
2641	4240
2642	4240
98	1170
585	1170
1170	1170
2974	1170
719	4714
1363	2081
2394	2081
2629	2081
3271	2081
98	1896
2971	1896
2974	1896
723	2091
2642	2091
3319	5159
4391	5159
573	5159
723	2092
723	2094
9	2095
532	2095
723	2095
1362	2095
1363	2095
2641	2095
2648	2095
2645	2095
2647	2095
1170	2095
2504	2095
2816	2095
573	7947
723	2097
1170	2097
723	2103
2638	2103
723	2102
2627	2102
3271	2102
7357	2102
4391	2658
723	2658
783	2658
784	2658
3806	2658
2109	2658
2906	2658
4023	5082
3986	5082
5481	5082
2109	5082
2341	5082
2627	5082
2906	5082
9	2109
1363	2109
2641	2109
2642	2109
2341	2109
2619	2109
3271	2109
2619	4370
1363	2128
4391	7698
510	7698
238	2141
269	2141
529	2141
510	9804
723	9804
529	8190
723	8190
2974	2143
2641	2145
2627	2146
9	2147
3271	6781
510	2148
529	2148
2641	4083
2642	4083
536	5153
723	5153
2641	5153
2642	5153
9	3898
510	3898
585	3898
719	3898
720	3898
711	3898
2643	3898
2645	3898
2619	3898
2638	3898
2641	7924
98	4613
723	4613
2619	4613
2627	4613
585	4614
723	4614
3103	8181
3319	5086
4391	5086
2191	5086
2192	5086
510	7355
529	7355
532	7355
2619	7355
510	6140
2641	6140
3271	7294
1362	5081
2619	5081
3103	5081
98	8627
2971	8627
2974	8627
3103	8627
2619	2179
3271	2183
3319	8002
510	8002
9102	8002
2504	8002
2619	8140
3103	8140
3319	2189
1363	2190
573	5867
2192	2192
3317	2192
9102	5307
9102	4572
9102	9102
2615	5020
2627	2197
98	2198
2341	2198
2342	2198
2619	2198
9	5277
238	5277
532	5277
718	5277
1723	2199
2648	2199
711	2199
2642	2199
2645	2199
2619	2199
718	2202
2647	2202
2641	2203
711	2203
2642	2203
2645	2203
2647	2203
2973	2203
2645	2204
1363	2205
532	2206
1189	2206
1363	2206
573	2212
585	2212
1616	2212
2619	2212
2639	2212
585	2213
1363	2213
4281	2213
9	2214
585	2214
723	2214
1616	2214
4631	2214
1667	2214
1808	2214
4281	2214
2971	2214
2973	2214
3103	2214
723	2215
2620	2223
98	5856
238	5856
2639	5856
573	2224
4391	7856
510	7856
2504	7856
238	2231
724	2231
2470	2231
2627	2231
2627	8653
510	2234
2234	2234
510	2235
2235	2235
2627	9921
1189	2239
1884	2239
529	9553
723	4272
510	4396
2642	2243
3271	2243
98	2244
532	2244
2615	2244
2619	2244
2627	2244
1072	2244
529	6469
723	2248
2641	5323
711	5323
2642	5323
2619	5323
2627	5323
3271	5323
529	2257
723	2259
1072	2259
3271	2259
269	2261
510	2261
529	2261
533	2261
664	2261
2192	2261
2504	2261
5299	2261
626	2261
2619	2262
1363	4592
723	4882
2627	4828
2627	1005
2629	1005
2636	1005
98	1355
532	1355
1363	1355
2646	1355
711	1355
2642	1355
2645	1355
98	1485
723	1485
2641	1485
2645	1485
2619	1174
3271	2265
1103	2272
1104	2272
7641	2272
510	8054
4391	7389
2276	2276
98	4778
3322	4778
7884	4778
3322	6174
510	9883
529	9883
4391	5278
529	5278
2504	5278
529	8671
9	2283
3319	2283
4391	2283
510	2283
529	2283
7727	4084
529	8531
529	7854
529	4829
573	4829
2641	4829
2642	4829
2641	3859
2642	3859
510	5293
2641	5293
2642	5293
510	2285
529	2285
5307	2285
238	6570
3319	6570
4391	6570
510	6570
723	3554
2628	3554
2630	3554
2638	3554
3271	3554
510	2298
510	5449
573	3985
1363	3985
1616	4929
2504	4929
9591	4929
2628	7015
2640	7015
2635	2310
2971	9202
723	7722
3452	7722
1170	4810
9988	4810
2341	2330
2627	2330
2629	2330
723	7801
98	8091
8450	9691
3271	7926
510	5217
529	5217
325	2341
7967	2341
723	2341
1722	2341
2341	2341
2404	2341
2640	2341
3322	2341
2342	2342
2616	2342
5038	5038
2635	5038
2654	8450
711	8450
98	7892
510	7892
2641	7892
2642	7892
2615	7221
3319	8267
4391	8267
973	8267
2632	6385
4416	2346
2641	71
1976	71
2616	71
529	7014
8037	8037
1170	8177
723	2347
510	7974
3271	7974
238	7554
529	7554
2341	2354
534	6661
5282	2363
941	2365
2504	2366
5149	5549
98	9348
2971	9348
2974	9348
723	4355
723	2348
2619	5333
2619	2378
2627	2378
2619	2379
2619	2380
2641	2381
2619	2381
2641	2382
2642	2382
2619	2382
2619	4086
2640	4086
2392	2392
2394	2392
9	2394
10	2394
2394	2394
2397	2395
2398	2395
2399	2395
2400	2395
2404	2395
3271	2395
510	1360
723	4927
9	2397
1111	2397
1144	2397
1722	2397
2438	2397
941	7316
1111	7316
1604	2404
1972	2404
2404	2404
2868	2404
3271	2404
510	7917
529	7917
98	4109
2627	2331
2629	2331
1189	2406
1808	2406
4631	8551
1670	8551
6527	8551
9591	8551
1670	8550
529	9274
531	9274
3271	9274
719	4213
720	4213
238	2782
98	2425
2615	2425
2619	2425
98	2426
4416	2426
2615	2426
2619	2426
2627	2426
1754	2431
2906	2431
3271	2431
2341	2434
2641	2438
2341	2439
529	2442
723	2442
1363	2442
2641	2442
2642	2442
404	5589
573	2447
98	6586
529	6791
510	7993
573	7993
2638	9104
3319	7703
718	8089
1363	8089
510	2475
2635	2475
8939	2475
723	4038
1363	4038
4416	4038
1363	4519
9	7131
510	2465
510	2467
532	2467
2469	2469
2471	2471
2472	2472
2628	2472
723	2473
1667	2473
2468	2473
2619	2473
2868	2473
1667	4001
98	1826
3103	1826
3319	2476
783	2476
2009	2476
2504	2476
2619	2476
723	2477
973	9968
9968	9968
2504	7445
723	2478
2635	2478
711	3943
3350	3942
98	8189
99	8189
510	8189
532	8189
2642	8189
3271	8189
510	4607
2641	4607
2619	4765
2619	2480
2659	2480
3271	2480
723	2481
1362	2481
2619	2481
8939	2481
2504	4317
2404	2633
2633	2633
510	2634
2404	2634
2641	2484
2627	2490
2641	8086
2642	8086
2619	2493
2627	2493
9	2497
98	2497
941	2497
1707	2497
2619	2497
2627	2497
2868	2497
3350	2497
348	2498
1189	2498
1808	2498
3271	2498
3350	2498
723	2499
2616	2499
532	2500
941	2500
1723	2500
2627	2500
2629	2500
3271	2500
2627	2501
9	9934
3271	9934
2504	7557
3319	2504
4391	2504
664	2504
4416	2504
2341	2504
5299	2504
3321	2504
5282	5282
573	2508
9	2511
3271	2511
1006	2515
532	2517
510	2518
529	2518
5533	2518
723	2518
9557	2518
2641	2518
2642	2518
2644	2518
238	5574
4049	6328
2639	7233
2619	5273
573	6769
2974	6769
269	2537
529	2537
529	9386
529	9400
8238	2538
510	2538
6929	2538
4064	2538
529	2538
534	2538
536	2538
900	2538
2639	2538
573	5302
529	2557
2615	2557
2617	2557
2639	2557
2641	2559
2642	2559
2470	2559
2619	2559
2627	2562
2628	2562
532	2564
536	2564
2641	2564
2645	2564
711	5351
4391	6798
99	4909
2619	2574
9557	3994
238	2575
98	2577
510	2577
529	2577
532	2577
7733	2577
2192	2579
4778	2124
2636	2124
2816	2124
2906	2124
4528	2124
2906	2125
529	7332
2615	7332
2616	7332
784	9528
2619	9528
2627	9528
2629	9528
2630	9528
2638	9528
2635	9528
2640	9528
4528	9528
2627	9165
2629	9165
4528	9165
2619	2580
2627	2580
238	2581
2433	2581
532	2581
723	2581
1363	2581
1928	2581
2615	2582
1884	2585
2619	7719
941	2587
1667	2587
1808	2587
3271	2587
2656	2594
2627	2594
238	2596
2615	2596
573	2597
2619	2597
510	2339
1808	2339
7974	2339
3318	2339
2641	4602
2619	8701
6881	2615
4285	2615
405	2615
6756	2615
5244	2615
1363	2615
2009	2615
2615	2615
3322	2615
3372	2616
2615	2617
2619	2619
2371	2623
529	2623
2619	2626
3317	2627
313	2628
2628	2628
2629	2629
3271	2629
1363	2630
2646	2630
711	2630
2404	2630
2627	2630
2630	2630
2631	2631
1808	2636
3993	2636
2636	2636
2404	2638
9	2635
2627	2635
2629	2635
2630	2635
2631	2635
2635	2635
8346	2635
3271	2635
719	8939
720	8939
2627	8939
2630	8939
2631	8939
8939	8939
2627	8346
238	2639
269	2639
4391	2639
2639	2639
2627	2640
2640	2640
1722	5094
532	2661
529	4344
573	4344
723	4344
529	9061
573	6300
532	2680
1363	2680
2647	2680
719	2681
723	2681
3929	5511
9	2688
10	2688
3965	2702
2619	2703
2619	2714
5533	4968
2619	2721
238	2724
723	2724
1113	2724
1112	2724
1168	2724
1363	2724
1667	2724
1808	2724
1884	2724
2504	2724
626	2724
2638	2724
2906	2724
3271	2724
3322	2724
723	5279
2627	2731
1189	2734
1884	2734
529	2735
98	2737
325	2737
532	2737
941	2737
1115	2737
1976	2737
2394	2737
2737	2737
1072	2737
2868	2737
2906	2737
3271	2737
3701	2737
1072	1072
3271	1072
2738	2738
98	2745
510	2745
605	2745
606	2745
941	2745
2504	2745
2627	2745
1189	2752
2619	2752
2627	2752
2628	2752
2631	2752
2641	2753
2642	2753
2619	2753
2627	2753
510	2746
529	2746
2629	9096
3372	2747
3038	2747
1667	2749
1808	2749
1884	2749
2627	2749
3271	2749
2641	2750
711	2750
2619	2750
2636	2750
2629	2756
3271	2756
717	2758
1189	2764
3271	2764
2635	6868
2640	2771
3271	375
9	2781
532	2781
1189	2781
2641	2781
711	2781
2642	2781
2645	2781
2341	2781
2342	2781
5038	2781
2738	2781
529	2783
510	9658
529	9658
7733	2786
98	8813
529	6198
2628	4153
2630	4153
973	7720
510	4679
5588	6861
7884	6861
510	2795
2642	2796
2630	2796
510	2797
7641	2797
2635	4350
98	2805
2642	2805
2737	2805
3271	2805
99	9598
4391	9598
573	9598
2504	9598
723	2773
238	2809
269	2809
238	8417
3929	8417
529	8417
238	4913
9	2813
723	2813
2504	2813
9	2815
9	2808
238	2808
510	2808
529	2808
723	2808
4768	2808
4202	2816
4335	2816
2650	2816
2642	2816
2341	2816
2619	2816
2627	2816
2816	2816
3271	2816
3319	2818
2627	2819
2627	5375
529	7793
573	7793
5038	2821
2504	2821
510	2823
573	2823
98	3997
2971	3997
2973	3997
238	4869
510	2824
723	2824
2619	2825
2619	2826
2640	2826
510	2827
2504	2827
2619	2827
2640	7976
9	1347
1414	1347
3271	1347
718	4665
1616	4665
2636	4665
98	2831
534	2831
2645	2831
2619	2831
4411	2831
534	2833
1381	2833
2642	2833
2619	2837
2636	4922
2619	4992
2629	8888
2636	8888
238	5525
269	5525
3319	5525
4391	5525
531	5525
573	5525
1363	5525
2619	5525
2627	5525
573	9422
9	2839
4391	2839
510	2839
529	2839
530	2839
531	2839
532	2839
533	2839
536	2839
573	2839
5533	2839
711	2839
2619	2839
238	2846
269	2846
529	2846
529	2847
531	2847
529	2848
531	2848
533	2848
5307	2848
3271	3907
4391	5104
573	5104
605	7065
2641	7065
529	7241
4391	2849
1363	7677
9	4598
3285	2850
573	5711
3285	4808
4391	9372
711	1614
900	877
1363	877
1970	877
2619	877
510	568
536	8951
4416	9223
7641	2859
664	2859
4508	2859
2636	2859
2906	2859
3321	2859
585	2861
1616	2861
404	2862
585	2862
718	2862
7185	2862
723	2862
1363	2862
1616	2862
4631	2862
2470	2862
2619	2862
2627	2862
2638	2862
4267	2862
4411	2862
9591	2862
585	2863
1363	2863
1616	2863
2635	9536
510	4379
2619	2868
2627	2868
2737	2868
2868	2868
3271	2868
5533	2869
510	2870
238	7535
1363	2877
510	3412
2619	2886
941	2889
1884	2889
3271	2889
723	5028
2641	5028
2640	2883
4036	2891
2642	191
2619	191
2640	191
718	192
9968	7602
3271	8859
98	8394
1362	8394
1363	8394
2974	8394
2975	8394
3103	8394
238	7551
4391	7551
573	7551
2635	4612
8939	4612
4139	4139
4154	4154
2638	194
2906	194
98	9258
238	8246
529	2899
238	4726
973	4964
723	4616
510	4135
723	5370
9	2904
2627	9819
2641	2908
2627	2908
238	2914
269	2914
510	2914
529	2914
532	2914
2639	2914
529	2926
529	2927
573	2928
783	8268
784	8268
573	2934
4391	2935
4391	2923
1170	8865
4391	2979
7641	2980
7641	2984
4023	2989
2619	2989
529	2996
711	2996
529	6465
98	2966
510	2966
529	2966
1616	2966
2641	2966
2642	2966
2629	2966
2629	2970
2971	2970
2973	2970
2974	2970
664	2971
2641	2971
2972	2972
1112	2973
1189	2973
2641	2973
3271	2973
723	4267
711	4267
4267	4267
723	4411
2641	4411
711	4411
2642	4411
4411	4411
510	2974
2641	2974
1170	2974
5307	2974
2404	2974
2468	2974
2974	2974
2627	2975
2628	2975
2629	2975
2630	2975
2632	2975
2638	2975
3271	2975
510	8666
1363	8666
2641	8666
2646	8666
2642	8666
2645	8666
1170	8666
6898	8666
2615	8666
2971	8666
3949	8666
723	3000
2619	3000
2627	3000
995	3001
2642	3001
3271	3001
2641	7688
2642	7688
510	3005
529	3005
238	6302
573	8076
510	6938
2504	6938
2635	3007
1189	8539
4416	8539
325	5992
510	433
529	433
533	433
9557	433
2641	433
2642	433
98	432
510	432
2642	432
2645	432
531	436
2341	436
2470	436
2504	4059
3092	3013
2641	3013
2642	3013
2645	3013
2647	3013
2619	3013
2619	3018
711	3026
98	918
510	8974
529	8974
723	3040
3317	9434
510	5074
529	5074
2906	8264
3271	3073
3271	3074
3271	3075
3949	3075
3271	3078
2619	8279
573	9199
2971	9199
723	2407
2619	2407
723	3093
2472	3093
8939	3093
529	4766
573	3094
9610	3709
529	8220
900	8220
4360	8220
3271	5415
2645	1316
1363	3096
4049	3096
1334	3096
3271	3096
2644	3103
1170	3103
5307	3103
2404	3103
2619	3103
2404	4912
2404	8345
2641	8986
2642	8986
2627	8986
1808	4297
4391	9749
2737	3112
3271	3112
3271	6497
3271	8217
98	8729
99	8729
941	3117
1723	3117
1808	3117
711	3117
1976	3117
2629	3117
3271	3117
3350	3117
3708	3117
941	7147
2276	7147
3271	7147
4391	5838
238	3122
269	3122
5533	3124
3965	3124
9557	3124
1189	8492
1707	8492
1723	8492
1808	8492
2619	8085
3322	8085
3322	8182
9591	5955
573	8976
1604	4728
1930	4728
510	8201
723	8201
9557	8201
2645	8201
510	7812
529	7812
2615	7812
510	8200
98	6814
10	5198
3590	5198
1189	4070
98	3134
3319	3134
529	3137
2470	3137
529	8717
1189	3139
1808	3139
1884	3139
510	3835
723	3835
4810	3165
9389	3165
9389	3166
9389	8638
9389	4838
9988	4838
10001	4838
9389	5276
2627	3171
1808	139
3271	139
2629	984
3103	3147
723	3149
2619	4100
9389	4100
2641	3154
711	3154
2642	3154
2647	3154
2627	3154
2640	3154
98	3162
2641	3162
711	3162
2906	3162
4528	3162
2971	3162
2973	3163
723	3164
573	5844
238	1898
534	1898
535	1898
536	1898
1363	1898
2641	1898
2641	1899
2642	1899
2342	1899
3452	1899
98	1900
531	1900
535	1900
536	1900
2641	1900
6898	1901
3322	1901
2659	1903
711	1905
238	3187
269	6303
238	3190
269	3190
2632	3193
2638	3193
238	3908
269	3908
238	4341
723	4341
724	4341
2629	3196
720	3202
723	3202
725	3202
1363	3202
9189	3202
2641	3202
2341	3202
2619	3202
2635	3202
1363	3183
2641	3183
2627	3203
529	8289
7641	8289
2619	8289
718	3209
723	3209
900	3209
1189	3209
1332	3209
1363	3209
2504	3209
5299	3209
626	3209
1072	3209
3271	3209
3350	3209
1363	4623
3322	7374
529	3212
529	7817
2615	4710
1722	4282
1808	4282
510	3234
531	3234
529	4958
2641	4958
4528	3238
725	3021
2641	3239
2971	3239
2619	3244
2906	3244
98	3247
238	3247
269	3247
510	3247
2641	3247
2642	3247
2645	3247
2638	3247
2641	3249
2642	3249
1363	5225
529	4293
573	7885
2341	7885
2641	4222
2642	4222
2641	8415
2642	8415
2635	8415
2627	3262
900	5005
4049	5005
1334	5005
3271	5005
3271	3266
723	3268
2619	3268
9	5188
510	4223
2649	4223
9591	4223
532	3271
717	3271
2392	3271
2394	3271
2619	3271
2629	3271
3271	3271
9	6061
510	3274
1363	3274
2641	3274
711	3274
2642	3274
2645	3274
2615	3274
2619	3274
2641	3275
2642	3275
723	3276
841	3276
4416	3276
2619	3276
2627	3276
2639	3276
2640	3276
4411	3276
2504	3273
723	3285
724	3285
3285	3285
98	3286
529	5003
1170	5003
510	8270
573	8270
1170	8270
3271	6839
723	3289
573	3290
1808	8338
98	7239
2635	7239
8939	7239
4391	7430
510	3291
723	3295
4391	9586
1332	3300
1189	5006
1722	7731
2738	7731
3271	7731
723	5321
723	3304
1112	3304
1721	3304
1722	3304
1723	3304
711	3304
2642	3304
2629	3304
3271	3304
1808	3305
532	3306
1103	3306
1670	3306
1722	3306
711	3306
2645	3306
2647	3306
5307	3306
2629	3306
2630	3306
2868	3306
2973	3306
1414	3308
1722	3308
1723	3308
1808	3308
2641	3308
2642	3308
3271	3308
3350	3308
1414	3309
2738	3309
3271	3309
2645	3310
9591	3310
723	4062
2504	3131
510	3315
2641	3315
2638	3322
3322	3322
4054	4054
2619	3956
3956	3956
9	3317
98	3317
3317	3317
1363	5588
2619	5588
5588	5588
3318	5588
3956	7884
7884	7884
2636	9389
9988	9389
10002	9389
9	3318
98	3318
573	3318
2645	3318
3318	3318
405	1804
404	1804
510	1804
529	1804
2649	1804
2642	1804
2341	1804
2619	1804
2628	1804
2973	1804
9610	1804
532	6387
1362	6387
2641	6387
3322	9233
1972	5514
9	7459
723	3326
529	9860
1363	6887
2619	6887
2504	5364
4391	5532
510	3339
529	3339
536	3339
529	3340
2504	8263
6045	4782
2504	3347
573	3350
2615	3350
3350	3350
3271	4217
98	7054
3323	3356
3319	5123
2627	1887
3359	3366
2627	3363
2433	3948
2619	3948
2627	3948
98	3373
2650	3373
2642	3373
2619	3373
529	7106
238	8682
238	6665
718	8214
719	8214
723	8214
585	4230
98	8070
2615	8070
98	4773
573	4773
2341	589
529	3383
3965	9591
9591	9591
2629	5804
9	9697
4840	3397
2619	3389
2627	3389
2640	3389
2635	4041
529	3398
531	3398
2008	3398
2641	3398
6898	3400
7913	3400
510	3410
529	3410
238	7880
2639	7880
3425	3425
723	4779
98	3427
238	3427
510	3427
723	3427
2504	3427
529	3428
529	7231
510	8183
2504	8183
529	3432
2619	3432
723	3433
2616	3433
2619	3433
2635	3433
529	3435
530	3435
573	3438
3271	5057
723	3441
510	9634
2627	3443
3271	3443
1189	3447
1072	3447
2627	3452
3453	3452
3271	3453
3453	3453
3452	3454
2619	3457
2641	9769
1808	9247
3708	9247
2394	4044
2627	4044
529	4825
3271	4825
2641	3466
2642	3466
3271	3466
98	3471
2973	9137
348	6182
510	3478
529	3478
98	3480
723	3481
573	4768
573	5426
532	3487
941	3491
3271	3491
2635	3492
2635	3493
7357	3501
510	3502
723	3511
1616	3514
573	4122
325	4963
2394	4963
4963	4963
1363	4088
529	7103
3271	9896
2641	4935
2642	4935
2647	4935
9	3521
510	3521
723	3521
2627	3521
510	3522
723	3522
1363	3522
2641	3522
2642	3522
2504	3522
626	3522
510	3523
98	5459
238	5459
529	5459
2504	4979
529	9052
238	3525
269	3525
3319	3525
4391	3525
510	3525
529	3525
532	3525
534	3525
536	3525
573	3525
5533	3525
718	3525
719	3525
723	3525
783	3525
784	3525
900	3525
3965	3525
2656	3525
1332	3525
1363	3525
9557	3525
7641	3525
2641	3525
711	3525
2642	3525
2645	3525
2647	3525
4416	3525
4036	3525
4778	3525
626	3525
2615	3525
2619	3525
2627	3525
2629	3525
2639	3525
7919	3525
3322	3525
4418	3525
3359	3525
5943	3525
3668	3525
238	3526
510	3526
529	3526
573	3526
2504	3526
2641	3527
98	5943
9	4068
238	4068
529	4068
9557	4068
1616	4068
2974	4068
3452	4068
9	3528
3319	3528
510	3528
529	3528
573	3528
2504	3528
5299	3528
2615	3528
2627	3528
2628	3528
2629	3528
406	3530
783	3535
2468	3535
510	608
532	5461
2641	5461
2619	5461
510	3541
529	3541
2619	3541
3319	7849
510	7849
529	7849
2638	3549
720	3550
585	4618
2974	9535
238	4944
573	4944
5533	4944
1884	4944
4416	4944
4416	8337
2737	3556
2192	5463
2504	5463
3271	4436
3271	3557
2640	3561
720	7340
2627	7340
7357	7357
2619	3667
2627	3667
2628	3667
3271	3667
2619	9197
2629	9197
510	3565
1616	3565
98	3566
2641	3566
2642	3566
4416	3566
2971	3566
529	9771
529	7831
98	3572
335	3574
5533	3574
2641	3574
2642	3574
3574	3574
406	3575
2619	3575
2627	3575
2640	3575
2627	6992
6881	3579
529	3579
269	9932
718	9932
98	3584
723	3584
2641	3584
711	3584
2642	3584
2645	3584
3587	3587
2627	3588
3590	3590
723	3591
724	3591
510	5594
510	4781
510	3599
529	3599
510	3607
529	9748
723	7407
2619	3612
1170	8156
238	6677
529	6456
510	3333
510	3623
510	9599
529	9599
719	9599
2619	9599
238	6908
269	6908
510	6908
573	6908
723	6908
1170	3949
2615	3949
2619	4672
8997	8997
510	3629
529	3629
7919	2865
1362	3640
711	3640
2639	3640
1363	3641
510	3642
238	4327
2615	4327
98	4324
510	4324
238	4819
510	5213
2504	5213
3669	9613
238	8739
238	4684
529	8762
98	3630
723	3832
4391	8503
973	3644
1170	3646
2615	3647
2619	3647
2627	3647
2635	3647
8939	3647
2640	3647
2971	3647
9	3648
1808	3648
941	3649
3271	5117
98	3653
238	3653
269	3653
2639	3653
510	5950
2191	3654
723	3657
2619	3657
2627	3657
3319	3661
5533	3661
718	3661
723	3661
1363	3661
2191	3661
98	3663
4391	3663
510	3663
529	3663
532	3663
2341	3663
2504	3663
2619	3663
2627	3663
2639	3663
2906	3663
626	3668
3668	3668
723	3670
2619	3670
2627	3670
9	3672
723	3672
1808	3672
1884	3672
4963	3672
3271	4257
723	4951
2641	4951
2642	4951
531	5686
98	3679
6881	3679
510	3679
719	3679
723	3679
1363	3679
2504	3679
2636	3673
573	8880
98	9988
1170	9988
4411	9988
3103	9988
9988	9988
10002	9988
10001	9988
4416	10000
3103	10000
3271	10000
238	3688
269	3688
2639	3688
238	8114
3319	8114
4391	8114
510	8114
2641	8114
2642	8114
2638	8114
2971	8114
2973	8114
3271	6918
4963	6918
510	8973
2641	3689
2642	3689
532	3690
98	161
99	161
4631	161
238	3692
269	3692
2639	3692
510	3695
529	3696
5533	3696
723	3696
724	3696
2639	3696
269	3698
723	3699
2639	3699
2639	3700
238	1196
529	1196
573	1196
2639	1196
534	7691
536	7691
9	5092
98	5092
510	5092
719	5092
4335	5092
9189	5092
2615	5092
2638	5092
3317	5092
5588	5092
7884	5092
98	2271
573	2271
2971	2271
2973	2271
573	6490
717	3701
2645	3703
5299	3704
626	3704
9189	3705
299	5403
718	5403
98	3707
299	3707
718	3707
2645	3707
4416	3707
2619	3707
4391	3702
723	3702
1884	3702
2504	3702
9	3708
1808	3708
3708	3708
573	9301
529	3768
238	8725
9557	8746
529	8975
3271	6591
510	6794
529	6794
573	6794
98	337
4416	337
529	5554
1111	3786
2504	3786
510	4387
529	4387
238	3771
573	7987
238	6245
529	7931
1972	8752
573	9377
2615	7770
1170	5808
711	5130
269	5704
98	3808
529	3808
