941
2468
2473
3271
2141
238
282
334
269
3698
336
2813
1011
1008
3696
1196
1043
1042
5406
445
2724
3525
3565
3566
1608
5081
296
3319
2365
283
1725
2525
2007
1065
796
310
1957
1958
2476
3839
1021
3658
3445
537
433
291
531
1901
436
1900
1933
171
170
3509
3512
2098
1066
402
2234
292
279
161
420
425
7255
854
855
3443
2469
2754
2749
2752
1625
3306
1754
2490
2491
9589
1696
2723
1271
6887
745
1808
1721
1723
1722
2248
1434
437
276
2249
1644
696
965
8225
3492
586
1373
3704
1573
2213
5352
424
9730
2095
448
4728
1111
447
2738
98
2816
2391
504
2497
430
1899
3648
1629
3187
1144
716
475
615
521
3446
2394
2392
3453
2651
2650
2641
2876
3473
2021
2023
4083
3927
3137
156
2277
4249
71
3688
3693
2001
540
8263
3521
942
8553
2831
1762
4613
1976
2564
3925
135
1006
2758
2905
8973
2198
1139
538
8529
952
2216
2861
1552
4804
2349
232
1627
3972
3079
3078
2589
207
986
2091
5153
40
2200
2244
3074
3400
549
3195
3920
1114
1107
1112
1113
985
3947
6554
3398
1429
335
42
7885
4391
746
438
2408
1041
160
533
4844
2645
633
177
2197
992
1294
2518
3008
1135
4614
295
1145
3660
5804
3188
3194
4068
1906
3093
1134
714
3310
1678
694
311
7385
294
902
1029
99
3134
1617
9
785
1225
2014
3662
1022
1821
2839
446
323
1604
191
1007
2206
4732
3826
8196
2056
2805
3663
3350
1707
851
6874
2081
3672
2763
1828
1170
1523
505
506
348
1091
2628
1296
1286
2605
3695
2053
3309
1104
3898
9275
4085
3092
804
9833
7920
8309
3864
2242
763
242
6878
7606
8323
1435
2623
1778
1969
2820
969
1575
6838
3657
5253
3859
3244
494
3322
3401
297
1554
1616
4131
6741
1787
803
1603
3887
2619
1226
1995
572
2823
9597
1049
1481
8220
800
3768
2937
1490
1009
9942
3538
1805
2102
9634
2020
946
2283
233
3133
1668
2963
4704
1847
3103
2810
4177
1974
9112
2925
4825
4840
4432
7709
4936
1010
2013
966
9765
1035
4673
5057
794
7423
1031
1015
3076
3858
3397
3720
1064
3901
1737
7585
202
2542
3537
9255
41
299
158
3908
2354
7955
2442
970
7554
1856
1759
660
3786
4387
2809
4372
1883
635
5533
1101
852
2049
3096
1845
3661
6568
657
8238
2470
1181
1080
2261
5742
1136
3984
999
2868
6660
3907
1811
3234
9022
2285
5978
2336
9832
237
2757
321
603
2556
4225
6154
1557
9308
8814
3297
2019
2919
8753
1810
9566
2113
7853
2065
805
270
7918
3921
5049
2265
3926
3131
4350
3503
9021
3191
7535
8959
4325
4856
3402
1375
2006
9911
4435
3373
3645
6781
542
1081
3546
3846
2012
350
867
2127
8834
9599
3916
8011
755
2085
8648
1445
3994
3893
1004
8934
3059
4498
1076
4112
2443
3904
1729
2017
1116
4814
10
434
2003
2128
8244
3861
2104
3692
3823
5811
4328
2097
4504
3440
2363
2011
2231
3857
5284
4013
7651
3325
3098
5275
3112
3264
5511
1580
1117
8797
2246
2075
618
3081
2243
6850
5019
2611
6513
1463
6035
2536
6677
909
4702
105
1338
2010
2765
7137
7094
3541
570
7166
8167
5702
2534
1075
764
347
5243
7660
6929
2077
4783
3391
1083
9710
7937
2559
2532
2734
9912
2607
2526
9401
6673
1428
7838
1067
10011
7393
10002
9025
4999
669
2759
528
435
5517
5017
4196
8966
9899
2280
6311
8128
2300
2275
2486
2190
620
674
4826
9252
4666
9139
3459
1632
940
2039
1069
5619
2018
1790
6791
3995
1034
826
198
3080
9042
2522
8885
3810
2841
7536
3591
527
1158
386
2211
1264
1036
4482
6579
9290
5248
3542
3444
921
2735
1565
2083
1990
3116
4459
3863
6656
8174
5765
7291
6008
1579
912
6449
8310
5587
1188
7116
2069
8751
6481
